# Blender 3.2.0
# www.blender.org
mtllib sqhere.mtl
o Sphere
v 0.000000 0.049039 -0.009755
v 0.000000 0.046194 -0.019134
v 0.000000 0.041573 -0.027779
v 0.000000 0.035355 -0.035355
v 0.000000 0.027779 -0.041573
v 0.000000 0.019134 -0.046194
v 0.000000 0.009755 -0.049039
v 0.000000 -0.027779 -0.041573
v 0.000000 -0.035355 -0.035355
v 0.000000 -0.041573 -0.027779
v 0.001903 0.049039 -0.009567
v 0.003733 0.046194 -0.018767
v 0.005419 0.041573 -0.027245
v 0.006897 0.035355 -0.034676
v 0.008111 0.027779 -0.040775
v 0.009012 0.019134 -0.045306
v 0.009567 0.009755 -0.048097
v 0.009755 -0.000000 -0.049039
v 0.009567 -0.009755 -0.048097
v 0.009012 -0.019134 -0.045306
v 0.008111 -0.027779 -0.040775
v 0.006897 -0.035355 -0.034676
v 0.005419 -0.041573 -0.027245
v 0.003733 -0.046194 -0.018767
v 0.001903 -0.049039 -0.009567
v 0.003733 0.049039 -0.009012
v 0.007322 0.046194 -0.017678
v 0.010630 0.041573 -0.025664
v 0.013530 0.035355 -0.032664
v 0.015909 0.027779 -0.038409
v 0.017678 0.019134 -0.042678
v 0.018767 0.009755 -0.045306
v 0.019134 -0.000000 -0.046194
v 0.018767 -0.009755 -0.045306
v 0.017678 -0.019134 -0.042678
v 0.015909 -0.027779 -0.038409
v 0.013530 -0.035355 -0.032664
v 0.010630 -0.041573 -0.025664
v 0.007322 -0.046194 -0.017678
v 0.003733 -0.049039 -0.009012
v 0.005419 0.049039 -0.008111
v 0.010630 0.046194 -0.015909
v 0.015433 0.041573 -0.023097
v 0.019642 0.035355 -0.029397
v 0.023097 0.027779 -0.034567
v 0.025664 0.019134 -0.038409
v 0.027245 0.009755 -0.040775
v 0.027779 -0.000000 -0.041573
v 0.027245 -0.009755 -0.040775
v 0.025664 -0.019134 -0.038409
v 0.023097 -0.027779 -0.034567
v 0.019642 -0.035355 -0.029397
v 0.015433 -0.041573 -0.023097
v 0.010630 -0.046194 -0.015909
v 0.005419 -0.049039 -0.008111
v 0.006897 0.049039 -0.006897
v 0.013530 0.046194 -0.013530
v 0.019642 0.041573 -0.019642
v 0.025000 0.035355 -0.025000
v 0.029397 0.027779 -0.029397
v 0.032664 0.019134 -0.032664
v 0.034676 0.009755 -0.034676
v 0.035355 -0.000000 -0.035355
v 0.034676 -0.009755 -0.034676
v 0.032664 -0.019134 -0.032664
v 0.029397 -0.027779 -0.029397
v 0.025000 -0.035355 -0.025000
v 0.019642 -0.041573 -0.019642
v 0.013530 -0.046194 -0.013530
v 0.006897 -0.049039 -0.006897
v 0.008111 0.049039 -0.005419
v 0.015909 0.046194 -0.010630
v 0.023097 0.041573 -0.015433
v 0.029397 0.035355 -0.019642
v 0.034567 0.027779 -0.023097
v 0.038409 0.019134 -0.025664
v 0.040775 0.009755 -0.027245
v 0.041573 -0.000000 -0.027779
v 0.040775 -0.009755 -0.027245
v 0.038409 -0.019134 -0.025664
v 0.034567 -0.027779 -0.023097
v 0.029397 -0.035355 -0.019642
v 0.023097 -0.041573 -0.015433
v 0.015909 -0.046194 -0.010630
v 0.008111 -0.049039 -0.005419
v 0.009012 0.049039 -0.003733
v 0.017678 0.046194 -0.007322
v 0.025664 0.041573 -0.010630
v 0.032664 0.035355 -0.013530
v 0.038409 0.027779 -0.015909
v 0.042678 0.019134 -0.017678
v 0.045306 0.009755 -0.018767
v 0.046194 -0.000000 -0.019134
v 0.045306 -0.009755 -0.018767
v 0.042678 -0.019134 -0.017678
v 0.038409 -0.027779 -0.015909
v 0.032664 -0.035355 -0.013530
v 0.025664 -0.041573 -0.010630
v 0.017678 -0.046194 -0.007322
v 0.009012 -0.049039 -0.003733
v 0.009567 0.049039 -0.001903
v 0.018767 0.046194 -0.003733
v 0.027245 0.041573 -0.005419
v 0.034676 0.035355 -0.006897
v 0.040775 0.027779 -0.008111
v 0.045306 0.019134 -0.009012
v 0.048097 0.009755 -0.009567
v 0.049039 -0.000000 -0.009755
v 0.048097 -0.009755 -0.009567
v 0.045306 -0.019134 -0.009012
v 0.040775 -0.027779 -0.008111
v 0.034676 -0.035355 -0.006897
v 0.027245 -0.041573 -0.005419
v 0.018767 -0.046194 -0.003733
v 0.009567 -0.049039 -0.001903
v 0.009755 0.049039 0.000000
v 0.019134 0.046194 0.000000
v 0.027779 0.041573 0.000000
v 0.035355 0.035355 0.000000
v 0.041573 0.027779 0.000000
v 0.046194 0.019134 0.000000
v 0.049039 0.009755 0.000000
v 0.050000 -0.000000 0.000000
v 0.049039 -0.009755 0.000000
v 0.046194 -0.019134 0.000000
v 0.041573 -0.027779 0.000000
v 0.035355 -0.035355 0.000000
v 0.027779 -0.041573 0.000000
v 0.019134 -0.046194 0.000000
v 0.009755 -0.049039 0.000000
v 0.009567 0.049039 0.001903
v 0.018767 0.046194 0.003733
v 0.027245 0.041573 0.005419
v 0.034676 0.035355 0.006897
v 0.040775 0.027779 0.008111
v 0.045306 0.019134 0.009012
v 0.048097 0.009755 0.009567
v 0.049039 -0.000000 0.009755
v 0.048097 -0.009755 0.009567
v 0.045306 -0.019134 0.009012
v 0.040775 -0.027779 0.008111
v 0.034676 -0.035355 0.006897
v 0.027245 -0.041573 0.005419
v 0.018767 -0.046194 0.003733
v 0.009567 -0.049039 0.001903
v 0.009012 0.049039 0.003733
v 0.017678 0.046194 0.007322
v 0.025664 0.041573 0.010630
v 0.032664 0.035355 0.013530
v 0.038409 0.027779 0.015909
v 0.042678 0.019134 0.017678
v 0.045306 0.009755 0.018767
v 0.046194 -0.000000 0.019134
v 0.045306 -0.009755 0.018767
v 0.042678 -0.019134 0.017678
v 0.038409 -0.027779 0.015909
v 0.032664 -0.035355 0.013530
v 0.025664 -0.041573 0.010630
v 0.017678 -0.046194 0.007322
v 0.009012 -0.049039 0.003733
v 0.008111 0.049039 0.005419
v 0.015909 0.046194 0.010630
v 0.023097 0.041573 0.015433
v 0.029397 0.035355 0.019642
v 0.034567 0.027779 0.023097
v 0.038409 0.019134 0.025664
v 0.040775 0.009755 0.027245
v 0.041573 -0.000000 0.027779
v 0.040775 -0.009755 0.027245
v 0.038409 -0.019134 0.025664
v 0.034567 -0.027779 0.023097
v 0.029397 -0.035355 0.019642
v 0.023097 -0.041573 0.015433
v 0.015909 -0.046194 0.010630
v 0.008111 -0.049039 0.005419
v 0.006897 0.049039 0.006897
v 0.013530 0.046194 0.013530
v 0.019642 0.041573 0.019642
v 0.025000 0.035355 0.025000
v 0.029397 0.027779 0.029397
v 0.032664 0.019134 0.032664
v 0.034676 0.009755 0.034676
v 0.035355 -0.000000 0.035355
v 0.034676 -0.009755 0.034676
v 0.032664 -0.019134 0.032664
v 0.029397 -0.027779 0.029397
v 0.025000 -0.035355 0.025000
v 0.019642 -0.041573 0.019642
v 0.013530 -0.046194 0.013530
v 0.006897 -0.049039 0.006897
v 0.005419 0.049039 0.008111
v 0.010630 0.046194 0.015909
v 0.015433 0.041573 0.023097
v 0.019642 0.035355 0.029397
v 0.023097 0.027779 0.034567
v 0.025664 0.019134 0.038409
v 0.027245 0.009755 0.040775
v 0.027778 -0.000000 0.041573
v 0.027245 -0.009755 0.040775
v 0.025664 -0.019134 0.038409
v 0.023097 -0.027779 0.034567
v 0.019642 -0.035355 0.029397
v 0.015433 -0.041573 0.023097
v 0.010630 -0.046194 0.015909
v 0.005419 -0.049039 0.008111
v 0.003733 0.049039 0.009012
v 0.007322 0.046194 0.017678
v 0.010630 0.041573 0.025664
v 0.013530 0.035355 0.032664
v 0.015909 0.027779 0.038409
v 0.017678 0.019134 0.042678
v 0.018767 0.009755 0.045306
v 0.019134 -0.000000 0.046194
v 0.018767 -0.009755 0.045306
v 0.017678 -0.019134 0.042678
v 0.015909 -0.027779 0.038409
v 0.013530 -0.035355 0.032664
v 0.010630 -0.041573 0.025664
v 0.007322 -0.046194 0.017678
v 0.003733 -0.049039 0.009012
v 0.001903 0.049039 0.009567
v 0.003733 0.046194 0.018767
v 0.005419 0.041573 0.027245
v 0.006897 0.035355 0.034676
v 0.008111 0.027779 0.040775
v 0.009012 0.019134 0.045306
v 0.009567 0.009755 0.048097
v 0.009754 -0.000000 0.049039
v 0.009567 -0.009755 0.048097
v 0.009012 -0.019134 0.045306
v 0.008111 -0.027779 0.040775
v 0.006897 -0.035355 0.034676
v 0.005419 -0.041573 0.027245
v 0.003733 -0.046194 0.018767
v 0.001903 -0.049039 0.009567
v 0.000000 0.049039 0.009755
v -0.000000 0.046194 0.019134
v -0.000000 0.041573 0.027779
v 0.000000 0.035355 0.035355
v -0.000000 0.027779 0.041573
v 0.000000 0.019134 0.046194
v -0.000000 0.009755 0.049039
v -0.000000 -0.000000 0.050000
v -0.000000 -0.009755 0.049039
v -0.000000 -0.019134 0.046194
v -0.000000 -0.027779 0.041573
v 0.000000 -0.035355 0.035355
v -0.000000 -0.041573 0.027779
v 0.000000 -0.046194 0.019134
v -0.000000 -0.049039 0.009755
v -0.001903 0.049039 0.009567
v -0.003733 0.046194 0.018767
v -0.005419 0.041573 0.027245
v -0.006897 0.035355 0.034676
v -0.008111 0.027779 0.040775
v -0.009012 0.019134 0.045306
v -0.009567 0.009755 0.048097
v -0.009755 -0.000000 0.049039
v -0.009567 -0.009755 0.048097
v -0.009012 -0.019134 0.045306
v -0.008111 -0.027779 0.040775
v -0.006897 -0.035355 0.034676
v -0.005419 -0.041573 0.027245
v -0.003733 -0.046194 0.018767
v -0.001903 -0.049039 0.009567
v -0.003733 0.049039 0.009012
v -0.007322 0.046194 0.017678
v -0.010630 0.041573 0.025664
v -0.013530 0.035355 0.032664
v -0.015909 0.027779 0.038409
v -0.017678 0.019134 0.042678
v -0.018767 0.009755 0.045306
v -0.019134 -0.000000 0.046194
v -0.018767 -0.009755 0.045306
v -0.017678 -0.019134 0.042678
v -0.015909 -0.027779 0.038409
v -0.013530 -0.035355 0.032664
v -0.010630 -0.041573 0.025664
v -0.007322 -0.046194 0.017678
v -0.003733 -0.049039 0.009012
v -0.005419 0.049039 0.008111
v -0.010630 0.046194 0.015909
v -0.015433 0.041573 0.023097
v -0.019642 0.035355 0.029397
v -0.023097 0.027779 0.034567
v -0.025664 0.019134 0.038409
v -0.027245 0.009755 0.040775
v -0.027779 -0.000000 0.041573
v -0.027245 -0.009755 0.040775
v -0.025664 -0.019134 0.038409
v -0.023097 -0.027779 0.034567
v -0.019642 -0.035355 0.029397
v -0.015433 -0.041573 0.023097
v -0.010630 -0.046194 0.015909
v -0.005419 -0.049039 0.008111
v -0.006897 0.049039 0.006897
v -0.013530 0.046194 0.013530
v -0.019642 0.041573 0.019642
v -0.025000 0.035355 0.025000
v -0.029397 0.027779 0.029397
v -0.032664 0.019134 0.032664
v -0.034676 0.009755 0.034676
v -0.035355 -0.000000 0.035355
v -0.034676 -0.009755 0.034676
v -0.032664 -0.019134 0.032664
v -0.029397 -0.027779 0.029397
v -0.025000 -0.035355 0.025000
v -0.019642 -0.041573 0.019642
v -0.013530 -0.046194 0.013530
v -0.006897 -0.049039 0.006897
v -0.008111 0.049039 0.005419
v -0.015909 0.046194 0.010630
v -0.023097 0.041573 0.015433
v -0.029397 0.035355 0.019642
v -0.034567 0.027779 0.023097
v -0.038409 0.019134 0.025664
v -0.040775 0.009755 0.027245
v -0.041573 -0.000000 0.027778
v -0.040775 -0.009755 0.027245
v -0.038409 -0.019134 0.025664
v -0.034567 -0.027779 0.023097
v -0.029397 -0.035355 0.019642
v -0.023097 -0.041573 0.015433
v -0.015909 -0.046194 0.010630
v -0.008111 -0.049039 0.005419
v -0.000000 0.050000 0.000000
v -0.009012 0.049039 0.003733
v -0.017678 0.046194 0.007322
v -0.025664 0.041573 0.010630
v -0.032664 0.035355 0.013530
v -0.038409 0.027779 0.015909
v -0.042678 0.019134 0.017678
v -0.045306 0.009755 0.018767
v -0.046194 -0.000000 0.019134
v -0.045306 -0.009755 0.018767
v -0.042678 -0.019134 0.017678
v -0.038409 -0.027779 0.015909
v -0.032664 -0.035355 0.013530
v -0.025664 -0.041573 0.010630
v -0.017678 -0.046194 0.007322
v -0.009012 -0.049039 0.003733
v -0.009567 0.049039 0.001903
v -0.018767 0.046194 0.003733
v -0.027245 0.041573 0.005419
v -0.034676 0.035355 0.006897
v -0.040775 0.027779 0.008111
v -0.045306 0.019134 0.009012
v -0.048097 0.009755 0.009567
v -0.049039 -0.000000 0.009754
v -0.048097 -0.009755 0.009567
v -0.045306 -0.019134 0.009012
v -0.040775 -0.027779 0.008111
v -0.034676 -0.035355 0.006897
v -0.027245 -0.041573 0.005419
v -0.018767 -0.046194 0.003733
v -0.009567 -0.049039 0.001903
v -0.009755 0.049039 0.000000
v -0.019134 0.046194 0.000000
v -0.027778 0.041573 -0.000000
v -0.035355 0.035355 0.000000
v -0.041573 0.027779 0.000000
v -0.046194 0.019134 0.000000
v -0.049039 0.009755 -0.000000
v -0.050000 -0.000000 -0.000000
v -0.049039 -0.009755 -0.000000
v -0.046194 -0.019134 -0.000000
v -0.041573 -0.027779 0.000000
v -0.035355 -0.035355 0.000000
v -0.027778 -0.041573 -0.000000
v -0.019134 -0.046194 0.000000
v -0.009755 -0.049039 0.000000
v -0.009567 0.049039 -0.001903
v -0.018767 0.046194 -0.003733
v -0.027245 0.041573 -0.005419
v -0.034676 0.035355 -0.006897
v -0.040775 0.027779 -0.008111
v -0.045306 0.019134 -0.009012
v -0.048097 0.009755 -0.009567
v -0.049039 -0.000000 -0.009755
v -0.048097 -0.009755 -0.009567
v -0.045306 -0.019134 -0.009012
v -0.040775 -0.027779 -0.008111
v -0.034676 -0.035355 -0.006897
v -0.027245 -0.041573 -0.005419
v -0.018767 -0.046194 -0.003733
v -0.009567 -0.049039 -0.001903
v -0.009012 0.049039 -0.003733
v -0.017678 0.046194 -0.007322
v -0.025664 0.041573 -0.010630
v -0.032664 0.035355 -0.013530
v -0.038409 0.027779 -0.015909
v -0.042678 0.019134 -0.017678
v -0.045306 0.009755 -0.018767
v -0.046194 -0.000000 -0.019134
v -0.045306 -0.009755 -0.018767
v -0.042678 -0.019134 -0.017678
v -0.038409 -0.027779 -0.015909
v -0.032664 -0.035355 -0.013530
v -0.025664 -0.041573 -0.010630
v -0.017678 -0.046194 -0.007322
v -0.009012 -0.049039 -0.003733
v -0.008111 0.049039 -0.005419
v -0.015909 0.046194 -0.010630
v -0.023097 0.041573 -0.015433
v -0.029397 0.035355 -0.019642
v -0.034567 0.027779 -0.023097
v -0.038409 0.019134 -0.025664
v -0.040775 0.009755 -0.027245
v -0.041573 -0.000000 -0.027779
v -0.040775 -0.009755 -0.027245
v -0.038409 -0.019134 -0.025664
v -0.034567 -0.027779 -0.023097
v -0.029397 -0.035355 -0.019642
v -0.023097 -0.041573 -0.015433
v -0.015909 -0.046194 -0.010630
v -0.008111 -0.049039 -0.005419
v -0.006897 0.049039 -0.006897
v -0.013530 0.046194 -0.013530
v -0.019642 0.041573 -0.019642
v -0.025000 0.035355 -0.025000
v -0.029397 0.027779 -0.029397
v -0.032664 0.019134 -0.032664
v -0.034676 0.009755 -0.034676
v -0.035355 -0.000000 -0.035355
v -0.034676 -0.009755 -0.034676
v -0.032664 -0.019134 -0.032664
v -0.029397 -0.027779 -0.029397
v -0.025000 -0.035355 -0.025000
v -0.019642 -0.041573 -0.019642
v -0.013530 -0.046194 -0.013530
v -0.006897 -0.049039 -0.006897
v -0.005419 0.049039 -0.008111
v -0.010630 0.046194 -0.015909
v -0.015433 0.041573 -0.023097
v -0.019642 0.035355 -0.029397
v -0.023097 0.027779 -0.034567
v -0.025664 0.019134 -0.038409
v -0.027245 0.009755 -0.040775
v -0.027778 -0.000000 -0.041573
v -0.027245 -0.009755 -0.040775
v -0.025664 -0.019134 -0.038409
v -0.023097 -0.027779 -0.034567
v -0.019642 -0.035355 -0.029397
v -0.015433 -0.041573 -0.023097
v -0.010630 -0.046194 -0.015909
v -0.005419 -0.049039 -0.008111
v -0.003733 0.049039 -0.009012
v -0.007322 0.046194 -0.017678
v -0.010630 0.041573 -0.025664
v -0.013530 0.035355 -0.032664
v -0.015909 0.027779 -0.038409
v -0.017678 0.019134 -0.042678
v -0.018766 0.009755 -0.045306
v -0.019134 -0.000000 -0.046194
v -0.018766 -0.009755 -0.045306
v -0.017678 -0.019134 -0.042678
v -0.015909 -0.027779 -0.038409
v -0.013530 -0.035355 -0.032664
v -0.010630 -0.041573 -0.025664
v -0.007322 -0.046194 -0.017678
v -0.003733 -0.049039 -0.009012
v -0.001903 0.049039 -0.009567
v -0.003733 0.046194 -0.018767
v -0.005419 0.041573 -0.027245
v -0.006897 0.035355 -0.034676
v -0.008111 0.027779 -0.040775
v -0.009012 0.019134 -0.045306
v -0.009567 0.009755 -0.048097
v -0.009754 -0.000000 -0.049039
v -0.009567 -0.009755 -0.048097
v -0.009012 -0.019134 -0.045306
v -0.008111 -0.027779 -0.040775
v -0.006897 -0.035355 -0.034676
v -0.005419 -0.041573 -0.027245
v -0.003733 -0.046194 -0.018767
v -0.001903 -0.049039 -0.009567
v 0.000000 -0.000000 -0.050000
v 0.000000 -0.009755 -0.049039
v 0.000000 -0.019134 -0.046194
v 0.000000 -0.046194 -0.019134
v 0.000000 -0.049039 -0.009755
v 0.000000 -0.050000 0.000000
vn 0.0286 -0.9565 -0.2902
vn 0.0975 0.0975 -0.9904
vn 0.0097 0.9951 -0.0980
vn 0.0097 -0.9951 -0.0980
vn 0.0975 -0.0975 -0.9904
vn 0.0286 0.9565 -0.2902
vn 0.0938 -0.2890 -0.9527
vn 0.0464 0.8810 -0.4709
vn 0.0865 -0.4696 -0.8786
vn 0.0624 0.7715 -0.6332
vn 0.0759 -0.6326 -0.7708
vn 0.0759 0.6326 -0.7708
vn 0.0624 -0.7715 -0.6332
vn 0.0865 0.4696 -0.8786
vn 0.0464 -0.8810 -0.4709
vn 0.0938 0.2890 -0.9527
vn 0.2563 0.4696 -0.8448
vn 0.1374 -0.8810 -0.4528
vn 0.2779 0.2890 -0.9161
vn 0.0846 -0.9565 -0.2790
vn 0.2889 0.0976 -0.9524
vn 0.0286 0.9951 -0.0942
vn 0.0286 -0.9951 -0.0942
vn 0.2889 -0.0976 -0.9524
vn 0.0846 0.9565 -0.2790
vn 0.2779 -0.2890 -0.9161
vn 0.1374 0.8810 -0.4528
vn 0.2563 -0.4696 -0.8448
vn 0.1847 0.7715 -0.6088
vn 0.2248 -0.6326 -0.7412
vn 0.2248 0.6326 -0.7412
vn 0.1847 -0.7715 -0.6088
vn 0.4513 -0.2890 -0.8443
vn 0.2230 0.8810 -0.4173
vn 0.4162 -0.4696 -0.7786
vn 0.2999 0.7715 -0.5611
vn 0.3651 -0.6326 -0.6831
vn 0.3651 0.6326 -0.6831
vn 0.2999 -0.7715 -0.5611
vn 0.4162 0.4696 -0.7786
vn 0.2230 -0.8810 -0.4173
vn 0.4513 0.2890 -0.8443
vn 0.1374 -0.9565 -0.2571
vn 0.4691 0.0975 -0.8777
vn 0.0464 0.9951 -0.0869
vn 0.0464 -0.9951 -0.0869
vn 0.4691 -0.0975 -0.8777
vn 0.1374 0.9565 -0.2571
vn 0.3002 -0.8810 -0.3658
vn 0.6073 0.2890 -0.7400
vn 0.1850 -0.9565 -0.2254
vn 0.6314 0.0975 -0.7693
vn 0.0625 0.9951 -0.0761
vn 0.0625 -0.9951 -0.0761
vn 0.6314 -0.0975 -0.7693
vn 0.1850 0.9565 -0.2254
vn 0.6073 -0.2890 -0.7400
vn 0.3002 0.8810 -0.3658
vn 0.5601 -0.4696 -0.6825
vn 0.4036 0.7715 -0.4918
vn 0.4913 -0.6326 -0.5987
vn 0.4913 0.6326 -0.5987
vn 0.4036 -0.7715 -0.4918
vn 0.5601 0.4696 -0.6825
vn 0.6825 -0.4696 -0.5601
vn 0.4918 0.7715 -0.4036
vn 0.5987 -0.6326 -0.4913
vn 0.5987 0.6326 -0.4913
vn 0.4918 -0.7715 -0.4036
vn 0.6825 0.4696 -0.5601
vn 0.3658 -0.8810 -0.3002
vn 0.7400 0.2890 -0.6073
vn 0.2254 -0.9565 -0.1850
vn 0.7693 0.0975 -0.6314
vn 0.0761 0.9951 -0.0625
vn 0.0761 -0.9951 -0.0625
vn 0.7693 -0.0975 -0.6314
vn 0.2254 0.9565 -0.1850
vn 0.7400 -0.2890 -0.6073
vn 0.3658 0.8810 -0.3002
vn 0.2571 -0.9565 -0.1374
vn 0.8777 0.0975 -0.4691
vn 0.0869 0.9951 -0.0464
vn 0.0869 -0.9951 -0.0464
vn 0.8777 -0.0975 -0.4691
vn 0.2571 0.9565 -0.1374
vn 0.8443 -0.2890 -0.4513
vn 0.4173 0.8810 -0.2230
vn 0.7786 -0.4696 -0.4162
vn 0.5611 0.7715 -0.2999
vn 0.6831 -0.6326 -0.3651
vn 0.6831 0.6326 -0.3651
vn 0.5611 -0.7715 -0.2999
vn 0.7786 0.4696 -0.4162
vn 0.4173 -0.8810 -0.2230
vn 0.8443 0.2890 -0.4513
vn 0.6088 0.7715 -0.1847
vn 0.7412 -0.6326 -0.2248
vn 0.7412 0.6326 -0.2248
vn 0.6088 -0.7715 -0.1847
vn 0.8448 0.4696 -0.2563
vn 0.4528 -0.8810 -0.1374
vn 0.9161 0.2890 -0.2779
vn 0.2790 -0.9565 -0.0846
vn 0.9524 0.0975 -0.2889
vn 0.0942 0.9951 -0.0286
vn 0.0942 -0.9951 -0.0286
vn 0.9524 -0.0975 -0.2889
vn 0.2790 0.9565 -0.0846
vn 0.9161 -0.2890 -0.2779
vn 0.4528 0.8810 -0.1374
vn 0.8448 -0.4696 -0.2563
vn 0.9904 0.0975 -0.0975
vn 0.0980 0.9951 -0.0097
vn 0.0980 -0.9951 -0.0097
vn 0.9904 -0.0975 -0.0975
vn 0.2902 0.9565 -0.0286
vn 0.9527 -0.2890 -0.0938
vn 0.4709 0.8810 -0.0464
vn 0.8786 -0.4696 -0.0865
vn 0.6332 0.7715 -0.0624
vn 0.7708 -0.6326 -0.0759
vn 0.7708 0.6326 -0.0759
vn 0.6332 -0.7715 -0.0624
vn 0.8786 0.4696 -0.0865
vn 0.4709 -0.8810 -0.0464
vn 0.9527 0.2890 -0.0938
vn 0.2902 -0.9565 -0.0286
vn 0.7708 -0.6326 0.0759
vn 0.7708 0.6326 0.0759
vn 0.6332 -0.7715 0.0624
vn 0.8786 0.4696 0.0865
vn 0.4709 -0.8810 0.0464
vn 0.9527 0.2890 0.0938
vn 0.2902 -0.9565 0.0286
vn 0.9904 0.0975 0.0976
vn 0.0980 0.9951 0.0097
vn 0.0980 -0.9951 0.0097
vn 0.9904 -0.0975 0.0976
vn 0.2902 0.9565 0.0286
vn 0.9527 -0.2890 0.0938
vn 0.4709 0.8810 0.0464
vn 0.8786 -0.4696 0.0865
vn 0.6332 0.7715 0.0624
vn 0.0942 0.9951 0.0286
vn 0.0942 -0.9951 0.0286
vn 0.9524 -0.0975 0.2889
vn 0.2790 0.9565 0.0846
vn 0.9161 -0.2890 0.2779
vn 0.4528 0.8810 0.1374
vn 0.8448 -0.4696 0.2563
vn 0.6088 0.7715 0.1847
vn 0.7412 -0.6326 0.2248
vn 0.7412 0.6326 0.2248
vn 0.6088 -0.7715 0.1847
vn 0.8448 0.4696 0.2563
vn 0.4528 -0.8810 0.1374
vn 0.9161 0.2890 0.2779
vn 0.2790 -0.9565 0.0846
vn 0.9524 0.0975 0.2889
vn 0.6831 0.6326 0.3651
vn 0.5611 -0.7715 0.2999
vn 0.7786 0.4696 0.4162
vn 0.4173 -0.8810 0.2231
vn 0.8443 0.2890 0.4513
vn 0.2571 -0.9565 0.1374
vn 0.8777 0.0975 0.4691
vn 0.0869 0.9951 0.0464
vn 0.0869 -0.9951 0.0464
vn 0.8777 -0.0975 0.4691
vn 0.2571 0.9565 0.1374
vn 0.8443 -0.2890 0.4513
vn 0.4173 0.8810 0.2231
vn 0.7786 -0.4696 0.4162
vn 0.5611 0.7715 0.2999
vn 0.6831 -0.6326 0.3651
vn 0.7693 -0.0975 0.6314
vn 0.2254 0.9565 0.1850
vn 0.7400 -0.2890 0.6073
vn 0.3658 0.8810 0.3002
vn 0.6825 -0.4696 0.5601
vn 0.4918 0.7715 0.4036
vn 0.5987 -0.6326 0.4913
vn 0.5987 0.6326 0.4913
vn 0.4918 -0.7715 0.4036
vn 0.6825 0.4696 0.5601
vn 0.3658 -0.8810 0.3002
vn 0.7400 0.2890 0.6073
vn 0.2254 -0.9565 0.1850
vn 0.7693 0.0975 0.6314
vn 0.0761 0.9951 0.0625
vn 0.0761 -0.9951 0.0625
vn 0.4036 -0.7715 0.4918
vn 0.5601 0.4696 0.6825
vn 0.3002 -0.8810 0.3658
vn 0.6073 0.2890 0.7400
vn 0.1850 -0.9565 0.2254
vn 0.6314 0.0975 0.7693
vn 0.0625 0.9951 0.0761
vn 0.0625 -0.9951 0.0761
vn 0.6314 -0.0975 0.7693
vn 0.1850 0.9565 0.2254
vn 0.6073 -0.2890 0.7400
vn 0.3002 0.8810 0.3658
vn 0.5601 -0.4696 0.6825
vn 0.4036 0.7715 0.4918
vn 0.4913 -0.6326 0.5987
vn 0.4913 0.6326 0.5987
vn 0.4513 -0.2890 0.8443
vn 0.2230 0.8810 0.4173
vn 0.4162 -0.4696 0.7786
vn 0.2999 0.7715 0.5611
vn 0.3651 -0.6326 0.6831
vn 0.3651 0.6326 0.6831
vn 0.2999 -0.7715 0.5611
vn 0.4162 0.4696 0.7786
vn 0.2230 -0.8810 0.4173
vn 0.4513 0.2890 0.8443
vn 0.1374 -0.9565 0.2571
vn 0.4691 0.0975 0.8777
vn 0.0464 0.9951 0.0869
vn 0.0464 -0.9951 0.0869
vn 0.4691 -0.0975 0.8777
vn 0.1374 0.9565 0.2571
vn 0.1374 -0.8810 0.4528
vn 0.2779 0.2890 0.9161
vn 0.0846 -0.9565 0.2790
vn 0.2889 0.0975 0.9524
vn 0.0286 0.9951 0.0942
vn 0.0286 -0.9951 0.0942
vn 0.2889 -0.0975 0.9524
vn 0.0846 0.9565 0.2790
vn 0.2779 -0.2890 0.9161
vn 0.1374 0.8810 0.4528
vn 0.2563 -0.4696 0.8448
vn 0.1847 0.7715 0.6088
vn 0.2248 -0.6326 0.7412
vn 0.2248 0.6326 0.7412
vn 0.1847 -0.7715 0.6088
vn 0.2563 0.4696 0.8448
vn 0.0464 0.8810 0.4709
vn 0.0865 -0.4696 0.8786
vn 0.0624 0.7715 0.6332
vn 0.0759 -0.6326 0.7708
vn 0.0759 0.6326 0.7708
vn 0.0624 -0.7715 0.6332
vn 0.0865 0.4696 0.8786
vn 0.0464 -0.8810 0.4709
vn 0.0938 0.2890 0.9527
vn 0.0286 -0.9565 0.2902
vn 0.0975 0.0975 0.9904
vn 0.0097 0.9951 0.0980
vn 0.0097 -0.9951 0.0980
vn 0.0975 -0.0975 0.9904
vn 0.0286 0.9565 0.2902
vn 0.0938 -0.2890 0.9527
vn -0.0938 0.2890 0.9527
vn -0.0286 -0.9565 0.2902
vn -0.0976 0.0975 0.9904
vn -0.0097 0.9951 0.0980
vn -0.0097 -0.9951 0.0980
vn -0.0976 -0.0975 0.9904
vn -0.0286 0.9565 0.2902
vn -0.0938 -0.2890 0.9527
vn -0.0464 0.8810 0.4709
vn -0.0865 -0.4696 0.8786
vn -0.0624 0.7715 0.6332
vn -0.0759 -0.6326 0.7708
vn -0.0759 0.6326 0.7708
vn -0.0624 -0.7715 0.6332
vn -0.0865 0.4696 0.8786
vn -0.0464 -0.8810 0.4709
vn -0.2563 -0.4696 0.8448
vn -0.1847 0.7715 0.6088
vn -0.2248 -0.6326 0.7412
vn -0.2248 0.6326 0.7412
vn -0.1847 -0.7715 0.6088
vn -0.2563 0.4696 0.8448
vn -0.1374 -0.8810 0.4528
vn -0.2779 0.2890 0.9161
vn -0.0846 -0.9565 0.2790
vn -0.2889 0.0975 0.9524
vn -0.0286 0.9951 0.0942
vn -0.0286 -0.9951 0.0942
vn -0.2889 -0.0975 0.9524
vn -0.0846 0.9565 0.2790
vn -0.2779 -0.2890 0.9161
vn -0.1374 0.8810 0.4528
vn -0.1374 -0.9565 0.2571
vn -0.4691 0.0975 0.8777
vn -0.0464 0.9951 0.0869
vn -0.0464 -0.9951 0.0869
vn -0.4691 -0.0975 0.8777
vn -0.1374 0.9565 0.2571
vn -0.4513 -0.2890 0.8443
vn -0.2230 0.8810 0.4173
vn -0.4162 -0.4696 0.7786
vn -0.2999 0.7715 0.5611
vn -0.3651 -0.6326 0.6831
vn -0.3651 0.6326 0.6831
vn -0.2999 -0.7715 0.5611
vn -0.4162 0.4696 0.7786
vn -0.2230 -0.8810 0.4173
vn -0.4513 0.2890 0.8443
vn -0.4036 0.7715 0.4918
vn -0.4913 -0.6326 0.5987
vn -0.4913 0.6326 0.5987
vn -0.4036 -0.7715 0.4918
vn -0.5601 0.4696 0.6825
vn -0.3002 -0.8810 0.3658
vn -0.6073 0.2890 0.7400
vn -0.1850 -0.9565 0.2254
vn -0.6314 0.0975 0.7693
vn -0.0625 0.9951 0.0761
vn -0.0625 -0.9951 0.0761
vn -0.6314 -0.0975 0.7693
vn -0.1850 0.9565 0.2254
vn -0.6073 -0.2890 0.7400
vn -0.3002 0.8810 0.3658
vn -0.5601 -0.4696 0.6825
vn -0.7693 0.0975 0.6314
vn -0.0761 0.9951 0.0625
vn -0.0761 -0.9951 0.0625
vn -0.7693 -0.0975 0.6314
vn -0.2254 0.9565 0.1850
vn -0.7400 -0.2890 0.6073
vn -0.3658 0.8810 0.3002
vn -0.6825 -0.4696 0.5601
vn -0.4918 0.7715 0.4036
vn -0.5987 -0.6326 0.4913
vn -0.5987 0.6326 0.4913
vn -0.4918 -0.7715 0.4036
vn -0.6825 0.4696 0.5601
vn -0.3658 -0.8810 0.3002
vn -0.7400 0.2890 0.6073
vn -0.2254 -0.9565 0.1850
vn -0.6831 -0.6326 0.3651
vn -0.6831 0.6326 0.3651
vn -0.5611 -0.7715 0.2999
vn -0.7786 0.4696 0.4162
vn -0.4173 -0.8810 0.2230
vn -0.8443 0.2890 0.4513
vn -0.2571 -0.9565 0.1374
vn -0.8777 0.0975 0.4691
vn -0.0869 0.9951 0.0464
vn -0.0869 -0.9951 0.0464
vn -0.8777 -0.0975 0.4691
vn -0.2571 0.9565 0.1374
vn -0.8443 -0.2890 0.4513
vn -0.4173 0.8810 0.2230
vn -0.7786 -0.4696 0.4162
vn -0.5611 0.7715 0.2999
vn -0.0942 -0.9951 0.0286
vn -0.9524 -0.0975 0.2889
vn -0.2790 0.9565 0.0846
vn -0.9161 -0.2890 0.2779
vn -0.4528 0.8810 0.1374
vn -0.8448 -0.4696 0.2563
vn -0.6088 0.7715 0.1847
vn -0.7412 -0.6326 0.2248
vn -0.7412 0.6326 0.2248
vn -0.6088 -0.7715 0.1847
vn -0.8448 0.4696 0.2563
vn -0.4528 -0.8810 0.1374
vn -0.9161 0.2890 0.2779
vn -0.2790 -0.9565 0.0846
vn -0.9524 0.0975 0.2889
vn -0.0942 0.9951 0.0286
vn -0.6332 -0.7715 0.0624
vn -0.8786 0.4696 0.0865
vn -0.4709 -0.8810 0.0464
vn -0.9527 0.2890 0.0938
vn -0.2902 -0.9565 0.0286
vn -0.9904 0.0975 0.0975
vn -0.0980 0.9951 0.0097
vn -0.0980 -0.9951 0.0097
vn -0.9904 -0.0975 0.0975
vn -0.2902 0.9565 0.0286
vn -0.9527 -0.2890 0.0938
vn -0.4709 0.8810 0.0464
vn -0.8786 -0.4696 0.0865
vn -0.6332 0.7715 0.0624
vn -0.7708 -0.6326 0.0759
vn -0.7708 0.6326 0.0759
vn -0.2902 0.9565 -0.0286
vn -0.9527 -0.2890 -0.0938
vn -0.4709 0.8810 -0.0464
vn -0.8786 -0.4696 -0.0865
vn -0.6332 0.7715 -0.0624
vn -0.7708 -0.6326 -0.0759
vn -0.7708 0.6326 -0.0759
vn -0.6332 -0.7715 -0.0624
vn -0.8786 0.4696 -0.0865
vn -0.4709 -0.8810 -0.0464
vn -0.9527 0.2890 -0.0938
vn -0.2902 -0.9565 -0.0286
vn -0.9904 0.0975 -0.0975
vn -0.0980 0.9951 -0.0097
vn -0.0980 -0.9951 -0.0097
vn -0.9904 -0.0975 -0.0975
vn -0.8448 0.4696 -0.2563
vn -0.4528 -0.8810 -0.1374
vn -0.9161 0.2890 -0.2779
vn -0.2790 -0.9565 -0.0846
vn -0.9524 0.0975 -0.2889
vn -0.0942 0.9951 -0.0286
vn -0.0942 -0.9951 -0.0286
vn -0.9524 -0.0975 -0.2889
vn -0.2790 0.9565 -0.0846
vn -0.9161 -0.2890 -0.2779
vn -0.4528 0.8810 -0.1374
vn -0.8448 -0.4696 -0.2563
vn -0.6088 0.7715 -0.1847
vn -0.7412 -0.6326 -0.2248
vn -0.7412 0.6326 -0.2248
vn -0.6088 -0.7715 -0.1847
vn -0.8443 -0.2890 -0.4513
vn -0.4173 0.8810 -0.2231
vn -0.7786 -0.4696 -0.4162
vn -0.5611 0.7715 -0.2999
vn -0.6831 -0.6326 -0.3651
vn -0.6831 0.6326 -0.3651
vn -0.5611 -0.7715 -0.2999
vn -0.7786 0.4696 -0.4162
vn -0.4173 -0.8810 -0.2231
vn -0.8443 0.2890 -0.4513
vn -0.2571 -0.9565 -0.1374
vn -0.8777 0.0975 -0.4691
vn -0.0869 0.9951 -0.0464
vn -0.0869 -0.9951 -0.0464
vn -0.8777 -0.0975 -0.4691
vn -0.2571 0.9565 -0.1374
vn -0.3658 -0.8810 -0.3002
vn -0.7400 0.2890 -0.6073
vn -0.2254 -0.9565 -0.1850
vn -0.7693 0.0975 -0.6314
vn -0.0761 0.9951 -0.0625
vn -0.0761 -0.9951 -0.0625
vn -0.7693 -0.0975 -0.6314
vn -0.2254 0.9565 -0.1850
vn -0.7400 -0.2890 -0.6073
vn -0.3658 0.8810 -0.3002
vn -0.6825 -0.4696 -0.5601
vn -0.4918 0.7715 -0.4036
vn -0.5987 -0.6326 -0.4913
vn -0.5987 0.6326 -0.4913
vn -0.4918 -0.7715 -0.4036
vn -0.6825 0.4696 -0.5601
vn -0.3002 0.8810 -0.3658
vn -0.5601 -0.4696 -0.6825
vn -0.4036 0.7715 -0.4918
vn -0.4913 -0.6326 -0.5987
vn -0.4913 0.6326 -0.5987
vn -0.4036 -0.7715 -0.4918
vn -0.5601 0.4696 -0.6825
vn -0.3002 -0.8810 -0.3658
vn -0.6073 0.2890 -0.7400
vn -0.1850 -0.9565 -0.2254
vn -0.6314 0.0975 -0.7693
vn -0.0625 0.9951 -0.0761
vn -0.0625 -0.9951 -0.0761
vn -0.6314 -0.0975 -0.7693
vn -0.1850 0.9565 -0.2254
vn -0.6073 -0.2890 -0.7400
vn -0.4513 0.2890 -0.8443
vn -0.1374 -0.9565 -0.2571
vn -0.4691 0.0975 -0.8777
vn -0.0464 0.9951 -0.0869
vn -0.0464 -0.9951 -0.0869
vn -0.4691 -0.0975 -0.8777
vn -0.1374 0.9565 -0.2571
vn -0.4513 -0.2890 -0.8443
vn -0.2230 0.8810 -0.4173
vn -0.4162 -0.4696 -0.7786
vn -0.2999 0.7715 -0.5611
vn -0.3651 -0.6326 -0.6831
vn -0.3651 0.6326 -0.6831
vn -0.2999 -0.7715 -0.5611
vn -0.4162 0.4696 -0.7786
vn -0.2230 -0.8810 -0.4173
vn -0.2563 -0.4696 -0.8448
vn -0.1847 0.7715 -0.6088
vn -0.2248 -0.6326 -0.7412
vn -0.2248 0.6326 -0.7412
vn -0.1847 -0.7715 -0.6088
vn -0.2563 0.4696 -0.8448
vn -0.1374 -0.8810 -0.4528
vn -0.2779 0.2890 -0.9161
vn -0.0846 -0.9565 -0.2790
vn -0.2889 0.0975 -0.9524
vn -0.0286 0.9951 -0.0942
vn -0.0286 -0.9951 -0.0942
vn -0.2889 -0.0975 -0.9524
vn -0.0846 0.9565 -0.2790
vn -0.2779 -0.2890 -0.9161
vn -0.1374 0.8810 -0.4528
vn -0.0286 -0.9565 -0.2902
vn -0.0976 0.0975 -0.9904
vn -0.0097 0.9951 -0.0980
vn -0.0097 -0.9951 -0.0980
vn -0.0975 -0.0975 -0.9904
vn -0.0286 0.9565 -0.2902
vn -0.0938 -0.2890 -0.9527
vn -0.0464 0.8810 -0.4709
vn -0.0865 -0.4696 -0.8786
vn -0.0624 0.7715 -0.6332
vn -0.0759 -0.6326 -0.7708
vn -0.0759 0.6326 -0.7708
vn -0.0624 -0.7715 -0.6332
vn -0.0865 0.4696 -0.8786
vn -0.0464 -0.8810 -0.4709
vn -0.0938 0.2890 -0.9527
vt 0.750000 0.937500
vt 0.750000 0.875000
vt 0.750000 0.812500
vt 0.750000 0.750000
vt 0.750000 0.687500
vt 0.750000 0.625000
vt 0.750000 0.562500
vt 0.750000 0.312500
vt 0.750000 0.250000
vt 0.750000 0.187500
vt 0.718750 0.937500
vt 0.718750 0.875000
vt 0.718750 0.812500
vt 0.718750 0.750000
vt 0.718750 0.687500
vt 0.718750 0.625000
vt 0.718750 0.562500
vt 0.718750 0.500000
vt 0.718750 0.437500
vt 0.718750 0.375000
vt 0.718750 0.312500
vt 0.718750 0.250000
vt 0.718750 0.187500
vt 0.718750 0.125000
vt 0.718750 0.062500
vt 0.687500 0.937500
vt 0.687500 0.875000
vt 0.687500 0.812500
vt 0.687500 0.750000
vt 0.687500 0.687500
vt 0.687500 0.625000
vt 0.687500 0.562500
vt 0.687500 0.500000
vt 0.687500 0.437500
vt 0.687500 0.375000
vt 0.687500 0.312500
vt 0.687500 0.250000
vt 0.687500 0.187500
vt 0.687500 0.125000
vt 0.687500 0.062500
vt 0.656250 0.937500
vt 0.656250 0.875000
vt 0.656250 0.812500
vt 0.656250 0.750000
vt 0.656250 0.687500
vt 0.656250 0.625000
vt 0.656250 0.562500
vt 0.656250 0.500000
vt 0.656250 0.437500
vt 0.656250 0.375000
vt 0.656250 0.312500
vt 0.656250 0.250000
vt 0.656250 0.187500
vt 0.656250 0.125000
vt 0.656250 0.062500
vt 0.625000 0.937500
vt 0.625000 0.875000
vt 0.625000 0.812500
vt 0.625000 0.750000
vt 0.625000 0.687500
vt 0.625000 0.625000
vt 0.625000 0.562500
vt 0.625000 0.500000
vt 0.625000 0.437500
vt 0.625000 0.375000
vt 0.625000 0.312500
vt 0.625000 0.250000
vt 0.625000 0.187500
vt 0.625000 0.125000
vt 0.625000 0.062500
vt 0.593750 0.937500
vt 0.593750 0.875000
vt 0.593750 0.812500
vt 0.593750 0.750000
vt 0.593750 0.687500
vt 0.593750 0.625000
vt 0.593750 0.562500
vt 0.593750 0.500000
vt 0.593750 0.437500
vt 0.593750 0.375000
vt 0.593750 0.312500
vt 0.593750 0.250000
vt 0.593750 0.187500
vt 0.593750 0.125000
vt 0.593750 0.062500
vt 0.562500 0.937500
vt 0.562500 0.875000
vt 0.562500 0.812500
vt 0.562500 0.750000
vt 0.562500 0.687500
vt 0.562500 0.625000
vt 0.562500 0.562500
vt 0.562500 0.500000
vt 0.562500 0.437500
vt 0.562500 0.375000
vt 0.562500 0.312500
vt 0.562500 0.250000
vt 0.562500 0.187500
vt 0.562500 0.125000
vt 0.562500 0.062500
vt 0.531250 0.937500
vt 0.531250 0.875000
vt 0.531250 0.812500
vt 0.531250 0.750000
vt 0.531250 0.687500
vt 0.531250 0.625000
vt 0.531250 0.562500
vt 0.531250 0.500000
vt 0.531250 0.437500
vt 0.531250 0.375000
vt 0.531250 0.312500
vt 0.531250 0.250000
vt 0.531250 0.187500
vt 0.531250 0.125000
vt 0.531250 0.062500
vt 0.500000 0.937500
vt 0.500000 0.875000
vt 0.500000 0.812500
vt 0.500000 0.750000
vt 0.500000 0.687500
vt 0.500000 0.625000
vt 0.500000 0.562500
vt 0.500000 0.500000
vt 0.500000 0.437500
vt 0.500000 0.375000
vt 0.500000 0.312500
vt 0.500000 0.250000
vt 0.500000 0.187500
vt 0.500000 0.125000
vt 0.500000 0.062500
vt 0.468750 0.937500
vt 0.468750 0.875000
vt 0.468750 0.812500
vt 0.468750 0.750000
vt 0.468750 0.687500
vt 0.468750 0.625000
vt 0.468750 0.562500
vt 0.468750 0.500000
vt 0.468750 0.437500
vt 0.468750 0.375000
vt 0.468750 0.312500
vt 0.468750 0.250000
vt 0.468750 0.187500
vt 0.468750 0.125000
vt 0.468750 0.062500
vt 0.437500 0.937500
vt 0.437500 0.875000
vt 0.437500 0.812500
vt 0.437500 0.750000
vt 0.437500 0.687500
vt 0.437500 0.625000
vt 0.437500 0.562500
vt 0.437500 0.500000
vt 0.437500 0.437500
vt 0.437500 0.375000
vt 0.437500 0.312500
vt 0.437500 0.250000
vt 0.437500 0.187500
vt 0.437500 0.125000
vt 0.437500 0.062500
vt 0.406250 0.937500
vt 0.406250 0.875000
vt 0.406250 0.812500
vt 0.406250 0.750000
vt 0.406250 0.687500
vt 0.406250 0.625000
vt 0.406250 0.562500
vt 0.406250 0.500000
vt 0.406250 0.437500
vt 0.406250 0.375000
vt 0.406250 0.312500
vt 0.406250 0.250000
vt 0.406250 0.187500
vt 0.406250 0.125000
vt 0.406250 0.062500
vt 0.375000 0.937500
vt 0.375000 0.875000
vt 0.375000 0.812500
vt 0.375000 0.750000
vt 0.375000 0.687500
vt 0.375000 0.625000
vt 0.375000 0.562500
vt 0.375000 0.500000
vt 0.375000 0.437500
vt 0.375000 0.375000
vt 0.375000 0.312500
vt 0.375000 0.250000
vt 0.375000 0.187500
vt 0.375000 0.125000
vt 0.375000 0.062500
vt 0.343750 0.937500
vt 0.343750 0.875000
vt 0.343750 0.812500
vt 0.343750 0.750000
vt 0.343750 0.687500
vt 0.343750 0.625000
vt 0.343750 0.562500
vt 0.343750 0.500000
vt 0.343750 0.437500
vt 0.343750 0.375000
vt 0.343750 0.312500
vt 0.343750 0.250000
vt 0.343750 0.187500
vt 0.343750 0.125000
vt 0.343750 0.062500
vt 0.312500 0.937500
vt 0.312500 0.875000
vt 0.312500 0.812500
vt 0.312500 0.750000
vt 0.312500 0.687500
vt 0.312500 0.625000
vt 0.312500 0.562500
vt 0.312500 0.500000
vt 0.312500 0.437500
vt 0.312500 0.375000
vt 0.312500 0.312500
vt 0.312500 0.250000
vt 0.312500 0.187500
vt 0.312500 0.125000
vt 0.312500 0.062500
vt 0.281250 0.937500
vt 0.281250 0.875000
vt 0.281250 0.812500
vt 0.281250 0.750000
vt 0.281250 0.687500
vt 0.281250 0.625000
vt 0.281250 0.562500
vt 0.281250 0.500000
vt 0.281250 0.437500
vt 0.281250 0.375000
vt 0.281250 0.312500
vt 0.281250 0.250000
vt 0.281250 0.187500
vt 0.281250 0.125000
vt 0.281250 0.062500
vt 0.250000 0.937500
vt 0.250000 0.875000
vt 0.250000 0.812500
vt 0.250000 0.750000
vt 0.250000 0.687500
vt 0.250000 0.625000
vt 0.250000 0.562500
vt 0.250000 0.500000
vt 0.250000 0.437500
vt 0.250000 0.375000
vt 0.250000 0.312500
vt 0.250000 0.250000
vt 0.250000 0.187500
vt 0.250000 0.125000
vt 0.250000 0.062500
vt 0.218750 0.937500
vt 0.218750 0.875000
vt 0.218750 0.812500
vt 0.218750 0.750000
vt 0.218750 0.687500
vt 0.218750 0.625000
vt 0.218750 0.562500
vt 0.218750 0.500000
vt 0.218750 0.437500
vt 0.218750 0.375000
vt 0.218750 0.312500
vt 0.218750 0.250000
vt 0.218750 0.187500
vt 0.218750 0.125000
vt 0.218750 0.062500
vt 0.187500 0.937500
vt 0.187500 0.875000
vt 0.187500 0.812500
vt 0.187500 0.750000
vt 0.187500 0.687500
vt 0.187500 0.625000
vt 0.187500 0.562500
vt 0.187500 0.500000
vt 0.187500 0.437500
vt 0.187500 0.375000
vt 0.187500 0.312500
vt 0.187500 0.250000
vt 0.187500 0.187500
vt 0.187500 0.125000
vt 0.187500 0.062500
vt 0.156250 0.937500
vt 0.156250 0.875000
vt 0.156250 0.812500
vt 0.156250 0.750000
vt 0.156250 0.687500
vt 0.156250 0.625000
vt 0.156250 0.562500
vt 0.156250 0.500000
vt 0.156250 0.437500
vt 0.156250 0.375000
vt 0.156250 0.312500
vt 0.156250 0.250000
vt 0.156250 0.187500
vt 0.156250 0.125000
vt 0.156250 0.062500
vt 0.125000 0.937500
vt 0.125000 0.875000
vt 0.125000 0.812500
vt 0.125000 0.750000
vt 0.125000 0.687500
vt 0.125000 0.625000
vt 0.125000 0.562500
vt 0.125000 0.500000
vt 0.125000 0.437500
vt 0.125000 0.375000
vt 0.125000 0.312500
vt 0.125000 0.250000
vt 0.125000 0.187500
vt 0.125000 0.125000
vt 0.125000 0.062500
vt 0.093750 0.937500
vt 0.093750 0.875000
vt 0.093750 0.812500
vt 0.093750 0.750000
vt 0.093750 0.687500
vt 0.093750 0.625000
vt 0.093750 0.562500
vt 0.093750 0.500000
vt 0.093750 0.437500
vt 0.093750 0.375000
vt 0.093750 0.312500
vt 0.093750 0.250000
vt 0.093750 0.187500
vt 0.093750 0.125000
vt 0.093750 0.062500
vt 0.734375 1.000000
vt 0.703125 1.000000
vt 0.671875 1.000000
vt 0.640625 1.000000
vt 0.609375 1.000000
vt 0.578125 1.000000
vt 0.546875 1.000000
vt 0.515625 1.000000
vt 0.484375 1.000000
vt 0.453125 1.000000
vt 0.421875 1.000000
vt 0.390625 1.000000
vt 0.359375 1.000000
vt 0.328125 1.000000
vt 0.296875 1.000000
vt 0.265625 1.000000
vt 0.234375 1.000000
vt 0.203125 1.000000
vt 0.171875 1.000000
vt 0.140625 1.000000
vt 0.109375 1.000000
vt 0.078125 1.000000
vt 0.046875 1.000000
vt 0.015625 1.000000
vt 0.984375 1.000000
vt 0.953125 1.000000
vt 0.921875 1.000000
vt 0.890625 1.000000
vt 0.859375 1.000000
vt 0.828125 1.000000
vt 0.796875 1.000000
vt 0.765625 1.000000
vt 0.062500 0.937500
vt 0.062500 0.875000
vt 0.062500 0.812500
vt 0.062500 0.750000
vt 0.062500 0.687500
vt 0.062500 0.625000
vt 0.062500 0.562500
vt 0.062500 0.500000
vt 0.062500 0.437500
vt 0.062500 0.375000
vt 0.062500 0.312500
vt 0.062500 0.250000
vt 0.062500 0.187500
vt 0.062500 0.125000
vt 0.062500 0.062500
vt 0.031250 0.937500
vt 0.031250 0.875000
vt 0.031250 0.812500
vt 0.031250 0.750000
vt 0.031250 0.687500
vt 0.031250 0.625000
vt 0.031250 0.562500
vt 0.031250 0.500000
vt 0.031250 0.437500
vt 0.031250 0.375000
vt 0.031250 0.312500
vt 0.031250 0.250000
vt 0.031250 0.187500
vt 0.031250 0.125000
vt 0.031250 0.062500
vt 0.000000 0.937500
vt 1.000000 0.937500
vt 0.000000 0.875000
vt 1.000000 0.875000
vt 0.000000 0.812500
vt 1.000000 0.812500
vt 0.000000 0.750000
vt 1.000000 0.750000
vt 0.000000 0.687500
vt 1.000000 0.687500
vt 0.000000 0.625000
vt 1.000000 0.625000
vt 0.000000 0.562500
vt 1.000000 0.562500
vt 0.000000 0.500000
vt 1.000000 0.500000
vt 0.000000 0.437500
vt 1.000000 0.437500
vt 0.000000 0.375000
vt 1.000000 0.375000
vt 0.000000 0.312500
vt 1.000000 0.312500
vt 0.000000 0.250000
vt 1.000000 0.250000
vt 0.000000 0.187500
vt 1.000000 0.187500
vt 0.000000 0.125000
vt 1.000000 0.125000
vt 0.000000 0.062500
vt 1.000000 0.062500
vt 0.968750 0.937500
vt 0.968750 0.875000
vt 0.968750 0.812500
vt 0.968750 0.750000
vt 0.968750 0.687500
vt 0.968750 0.625000
vt 0.968750 0.562500
vt 0.968750 0.500000
vt 0.968750 0.437500
vt 0.968750 0.375000
vt 0.968750 0.312500
vt 0.968750 0.250000
vt 0.968750 0.187500
vt 0.968750 0.125000
vt 0.968750 0.062500
vt 0.937500 0.937500
vt 0.937500 0.875000
vt 0.937500 0.812500
vt 0.937500 0.750000
vt 0.937500 0.687500
vt 0.937500 0.625000
vt 0.937500 0.562500
vt 0.937500 0.500000
vt 0.937500 0.437500
vt 0.937500 0.375000
vt 0.937500 0.312500
vt 0.937500 0.250000
vt 0.937500 0.187500
vt 0.937500 0.125000
vt 0.937500 0.062500
vt 0.906250 0.937500
vt 0.906250 0.875000
vt 0.906250 0.812500
vt 0.906250 0.750000
vt 0.906250 0.687500
vt 0.906250 0.625000
vt 0.906250 0.562500
vt 0.906250 0.500000
vt 0.906250 0.437500
vt 0.906250 0.375000
vt 0.906250 0.312500
vt 0.906250 0.250000
vt 0.906250 0.187500
vt 0.906250 0.125000
vt 0.906250 0.062500
vt 0.875000 0.937500
vt 0.875000 0.875000
vt 0.875000 0.812500
vt 0.875000 0.750000
vt 0.875000 0.687500
vt 0.875000 0.625000
vt 0.875000 0.562500
vt 0.875000 0.500000
vt 0.875000 0.437500
vt 0.875000 0.375000
vt 0.875000 0.312500
vt 0.875000 0.250000
vt 0.875000 0.187500
vt 0.875000 0.125000
vt 0.875000 0.062500
vt 0.843750 0.937500
vt 0.843750 0.875000
vt 0.843750 0.812500
vt 0.843750 0.750000
vt 0.843750 0.687500
vt 0.843750 0.625000
vt 0.843750 0.562500
vt 0.843750 0.500000
vt 0.843750 0.437500
vt 0.843750 0.375000
vt 0.843750 0.312500
vt 0.843750 0.250000
vt 0.843750 0.187500
vt 0.843750 0.125000
vt 0.843750 0.062500
vt 0.812500 0.937500
vt 0.812500 0.875000
vt 0.812500 0.812500
vt 0.812500 0.750000
vt 0.812500 0.687500
vt 0.812500 0.625000
vt 0.812500 0.562500
vt 0.812500 0.500000
vt 0.812500 0.437500
vt 0.812500 0.375000
vt 0.812500 0.312500
vt 0.812500 0.250000
vt 0.812500 0.187500
vt 0.812500 0.125000
vt 0.812500 0.062500
vt 0.781250 0.937500
vt 0.781250 0.875000
vt 0.781250 0.812500
vt 0.781250 0.750000
vt 0.781250 0.687500
vt 0.781250 0.625000
vt 0.781250 0.562500
vt 0.781250 0.500000
vt 0.781250 0.437500
vt 0.781250 0.375000
vt 0.781250 0.312500
vt 0.781250 0.250000
vt 0.781250 0.187500
vt 0.781250 0.125000
vt 0.781250 0.062500
vt 0.750000 0.500000
vt 0.750000 0.437500
vt 0.750000 0.375000
vt 0.750000 0.125000
vt 0.750000 0.062500
vt 0.734375 0.000000
vt 0.703125 0.000000
vt 0.671875 0.000000
vt 0.640625 0.000000
vt 0.609375 0.000000
vt 0.578125 0.000000
vt 0.546875 0.000000
vt 0.515625 0.000000
vt 0.484375 0.000000
vt 0.453125 0.000000
vt 0.421875 0.000000
vt 0.390625 0.000000
vt 0.359375 0.000000
vt 0.328125 0.000000
vt 0.296875 0.000000
vt 0.265625 0.000000
vt 0.234375 0.000000
vt 0.203125 0.000000
vt 0.171875 0.000000
vt 0.140625 0.000000
vt 0.109375 0.000000
vt 0.078125 0.000000
vt 0.046875 0.000000
vt 0.015625 0.000000
vt 0.984375 0.000000
vt 0.953125 0.000000
vt 0.921875 0.000000
vt 0.890625 0.000000
vt 0.859375 0.000000
vt 0.828125 0.000000
vt 0.796875 0.000000
vt 0.765625 0.000000
s 0
f 481/527/1 480/526/1 24/24/1 25/25/1
f 477/523/2 7/7/2 17/17/2 18/18/2
f 1/1/3 326/326/3 11/11/3
f 482/528/4 481/527/4 25/25/4
f 478/524/5 477/523/5 18/18/5 19/19/5
f 2/2/6 1/1/6 11/11/6 12/12/6
f 479/525/7 478/524/7 19/19/7 20/20/7
f 3/3/8 2/2/8 12/12/8 13/13/8
f 8/8/9 479/525/9 20/20/9 21/21/9
f 4/4/10 3/3/10 13/13/10 14/14/10
f 9/9/11 8/8/11 21/21/11 22/22/11
f 5/5/12 4/4/12 14/14/12 15/15/12
f 10/10/13 9/9/13 22/22/13 23/23/13
f 6/6/14 5/5/14 15/15/14 16/16/14
f 480/526/15 10/10/15 23/23/15 24/24/15
f 7/7/16 6/6/16 16/16/16 17/17/16
f 16/16/17 15/15/17 30/30/17 31/31/17
f 24/24/18 23/23/18 38/38/18 39/39/18
f 17/17/19 16/16/19 31/31/19 32/32/19
f 25/25/20 24/24/20 39/39/20 40/40/20
f 18/18/21 17/17/21 32/32/21 33/33/21
f 11/11/22 326/327/22 26/26/22
f 482/529/23 25/25/23 40/40/23
f 19/19/24 18/18/24 33/33/24 34/34/24
f 12/12/25 11/11/25 26/26/25 27/27/25
f 20/20/26 19/19/26 34/34/26 35/35/26
f 13/13/27 12/12/27 27/27/27 28/28/27
f 21/21/28 20/20/28 35/35/28 36/36/28
f 14/14/29 13/13/29 28/28/29 29/29/29
f 22/22/30 21/21/30 36/36/30 37/37/30
f 15/15/31 14/14/31 29/29/31 30/30/31
f 23/23/32 22/22/32 37/37/32 38/38/32
f 35/35/33 34/34/33 49/49/33 50/50/33
f 28/28/34 27/27/34 42/42/34 43/43/34
f 36/36/35 35/35/35 50/50/35 51/51/35
f 29/29/36 28/28/36 43/43/36 44/44/36
f 37/37/37 36/36/37 51/51/37 52/52/37
f 30/30/38 29/29/38 44/44/38 45/45/38
f 38/38/39 37/37/39 52/52/39 53/53/39
f 31/31/40 30/30/40 45/45/40 46/46/40
f 39/39/41 38/38/41 53/53/41 54/54/41
f 32/32/42 31/31/42 46/46/42 47/47/42
f 40/40/43 39/39/43 54/54/43 55/55/43
f 33/33/44 32/32/44 47/47/44 48/48/44
f 26/26/45 326/328/45 41/41/45
f 482/530/46 40/40/46 55/55/46
f 34/34/47 33/33/47 48/48/47 49/49/47
f 27/27/48 26/26/48 41/41/48 42/42/48
f 54/54/49 53/53/49 68/68/49 69/69/49
f 47/47/50 46/46/50 61/61/50 62/62/50
f 55/55/51 54/54/51 69/69/51 70/70/51
f 48/48/52 47/47/52 62/62/52 63/63/52
f 41/41/53 326/329/53 56/56/53
f 482/531/54 55/55/54 70/70/54
f 49/49/55 48/48/55 63/63/55 64/64/55
f 42/42/56 41/41/56 56/56/56 57/57/56
f 50/50/57 49/49/57 64/64/57 65/65/57
f 43/43/58 42/42/58 57/57/58 58/58/58
f 51/51/59 50/50/59 65/65/59 66/66/59
f 44/44/60 43/43/60 58/58/60 59/59/60
f 52/52/61 51/51/61 66/66/61 67/67/61
f 45/45/62 44/44/62 59/59/62 60/60/62
f 53/53/63 52/52/63 67/67/63 68/68/63
f 46/46/64 45/45/64 60/60/64 61/61/64
f 66/66/65 65/65/65 80/80/65 81/81/65
f 59/59/66 58/58/66 73/73/66 74/74/66
f 67/67/67 66/66/67 81/81/67 82/82/67
f 60/60/68 59/59/68 74/74/68 75/75/68
f 68/68/69 67/67/69 82/82/69 83/83/69
f 61/61/70 60/60/70 75/75/70 76/76/70
f 69/69/71 68/68/71 83/83/71 84/84/71
f 62/62/72 61/61/72 76/76/72 77/77/72
f 70/70/73 69/69/73 84/84/73 85/85/73
f 63/63/74 62/62/74 77/77/74 78/78/74
f 56/56/75 326/330/75 71/71/75
f 482/532/76 70/70/76 85/85/76
f 64/64/77 63/63/77 78/78/77 79/79/77
f 57/57/78 56/56/78 71/71/78 72/72/78
f 65/65/79 64/64/79 79/79/79 80/80/79
f 58/58/80 57/57/80 72/72/80 73/73/80
f 85/85/81 84/84/81 99/99/81 100/100/81
f 78/78/82 77/77/82 92/92/82 93/93/82
f 71/71/83 326/331/83 86/86/83
f 482/533/84 85/85/84 100/100/84
f 79/79/85 78/78/85 93/93/85 94/94/85
f 72/72/86 71/71/86 86/86/86 87/87/86
f 80/80/87 79/79/87 94/94/87 95/95/87
f 73/73/88 72/72/88 87/87/88 88/88/88
f 81/81/89 80/80/89 95/95/89 96/96/89
f 74/74/90 73/73/90 88/88/90 89/89/90
f 82/82/91 81/81/91 96/96/91 97/97/91
f 75/75/92 74/74/92 89/89/92 90/90/92
f 83/83/93 82/82/93 97/97/93 98/98/93
f 76/76/94 75/75/94 90/90/94 91/91/94
f 84/84/95 83/83/95 98/98/95 99/99/95
f 77/77/96 76/76/96 91/91/96 92/92/96
f 89/89/97 88/88/97 103/103/97 104/104/97
f 97/97/98 96/96/98 111/111/98 112/112/98
f 90/90/99 89/89/99 104/104/99 105/105/99
f 98/98/100 97/97/100 112/112/100 113/113/100
f 91/91/101 90/90/101 105/105/101 106/106/101
f 99/99/102 98/98/102 113/113/102 114/114/102
f 92/92/103 91/91/103 106/106/103 107/107/103
f 100/100/104 99/99/104 114/114/104 115/115/104
f 93/93/105 92/92/105 107/107/105 108/108/105
f 86/86/106 326/332/106 101/101/106
f 482/534/107 100/100/107 115/115/107
f 94/94/108 93/93/108 108/108/108 109/109/108
f 87/87/109 86/86/109 101/101/109 102/102/109
f 95/95/110 94/94/110 109/109/110 110/110/110
f 88/88/111 87/87/111 102/102/111 103/103/111
f 96/96/112 95/95/112 110/110/112 111/111/112
f 108/108/113 107/107/113 122/122/113 123/123/113
f 101/101/114 326/333/114 116/116/114
f 482/535/115 115/115/115 130/130/115
f 109/109/116 108/108/116 123/123/116 124/124/116
f 102/102/117 101/101/117 116/116/117 117/117/117
f 110/110/118 109/109/118 124/124/118 125/125/118
f 103/103/119 102/102/119 117/117/119 118/118/119
f 111/111/120 110/110/120 125/125/120 126/126/120
f 104/104/121 103/103/121 118/118/121 119/119/121
f 112/112/122 111/111/122 126/126/122 127/127/122
f 105/105/123 104/104/123 119/119/123 120/120/123
f 113/113/124 112/112/124 127/127/124 128/128/124
f 106/106/125 105/105/125 120/120/125 121/121/125
f 114/114/126 113/113/126 128/128/126 129/129/126
f 107/107/127 106/106/127 121/121/127 122/122/127
f 115/115/128 114/114/128 129/129/128 130/130/128
f 127/127/129 126/126/129 141/141/129 142/142/129
f 120/120/130 119/119/130 134/134/130 135/135/130
f 128/128/131 127/127/131 142/142/131 143/143/131
f 121/121/132 120/120/132 135/135/132 136/136/132
f 129/129/133 128/128/133 143/143/133 144/144/133
f 122/122/134 121/121/134 136/136/134 137/137/134
f 130/130/135 129/129/135 144/144/135 145/145/135
f 123/123/136 122/122/136 137/137/136 138/138/136
f 116/116/137 326/334/137 131/131/137
f 482/536/138 130/130/138 145/145/138
f 124/124/139 123/123/139 138/138/139 139/139/139
f 117/117/140 116/116/140 131/131/140 132/132/140
f 125/125/141 124/124/141 139/139/141 140/140/141
f 118/118/142 117/117/142 132/132/142 133/133/142
f 126/126/143 125/125/143 140/140/143 141/141/143
f 119/119/144 118/118/144 133/133/144 134/134/144
f 131/131/145 326/335/145 146/146/145
f 482/537/146 145/145/146 160/160/146
f 139/139/147 138/138/147 153/153/147 154/154/147
f 132/132/148 131/131/148 146/146/148 147/147/148
f 140/140/149 139/139/149 154/154/149 155/155/149
f 133/133/150 132/132/150 147/147/150 148/148/150
f 141/141/151 140/140/151 155/155/151 156/156/151
f 134/134/152 133/133/152 148/148/152 149/149/152
f 142/142/153 141/141/153 156/156/153 157/157/153
f 135/135/154 134/134/154 149/149/154 150/150/154
f 143/143/155 142/142/155 157/157/155 158/158/155
f 136/136/156 135/135/156 150/150/156 151/151/156
f 144/144/157 143/143/157 158/158/157 159/159/157
f 137/137/158 136/136/158 151/151/158 152/152/158
f 145/145/159 144/144/159 159/159/159 160/160/159
f 138/138/160 137/137/160 152/152/160 153/153/160
f 150/150/161 149/149/161 164/164/161 165/165/161
f 158/158/162 157/157/162 172/172/162 173/173/162
f 151/151/163 150/150/163 165/165/163 166/166/163
f 159/159/164 158/158/164 173/173/164 174/174/164
f 152/152/165 151/151/165 166/166/165 167/167/165
f 160/160/166 159/159/166 174/174/166 175/175/166
f 153/153/167 152/152/167 167/167/167 168/168/167
f 146/146/168 326/336/168 161/161/168
f 482/538/169 160/160/169 175/175/169
f 154/154/170 153/153/170 168/168/170 169/169/170
f 147/147/171 146/146/171 161/161/171 162/162/171
f 155/155/172 154/154/172 169/169/172 170/170/172
f 148/148/173 147/147/173 162/162/173 163/163/173
f 156/156/174 155/155/174 170/170/174 171/171/174
f 149/149/175 148/148/175 163/163/175 164/164/175
f 157/157/176 156/156/176 171/171/176 172/172/176
f 169/169/177 168/168/177 183/183/177 184/184/177
f 162/162/178 161/161/178 176/176/178 177/177/178
f 170/170/179 169/169/179 184/184/179 185/185/179
f 163/163/180 162/162/180 177/177/180 178/178/180
f 171/171/181 170/170/181 185/185/181 186/186/181
f 164/164/182 163/163/182 178/178/182 179/179/182
f 172/172/183 171/171/183 186/186/183 187/187/183
f 165/165/184 164/164/184 179/179/184 180/180/184
f 173/173/185 172/172/185 187/187/185 188/188/185
f 166/166/186 165/165/186 180/180/186 181/181/186
f 174/174/187 173/173/187 188/188/187 189/189/187
f 167/167/188 166/166/188 181/181/188 182/182/188
f 175/175/189 174/174/189 189/189/189 190/190/189
f 168/168/190 167/167/190 182/182/190 183/183/190
f 161/161/191 326/337/191 176/176/191
f 482/539/192 175/175/192 190/190/192
f 188/188/193 187/187/193 202/202/193 203/203/193
f 181/181/194 180/180/194 195/195/194 196/196/194
f 189/189/195 188/188/195 203/203/195 204/204/195
f 182/182/196 181/181/196 196/196/196 197/197/196
f 190/190/197 189/189/197 204/204/197 205/205/197
f 183/183/198 182/182/198 197/197/198 198/198/198
f 176/176/199 326/338/199 191/191/199
f 482/540/200 190/190/200 205/205/200
f 184/184/201 183/183/201 198/198/201 199/199/201
f 177/177/202 176/176/202 191/191/202 192/192/202
f 185/185/203 184/184/203 199/199/203 200/200/203
f 178/178/204 177/177/204 192/192/204 193/193/204
f 186/186/205 185/185/205 200/200/205 201/201/205
f 179/179/206 178/178/206 193/193/206 194/194/206
f 187/187/207 186/186/207 201/201/207 202/202/207
f 180/180/208 179/179/208 194/194/208 195/195/208
f 200/200/209 199/199/209 214/214/209 215/215/209
f 193/193/210 192/192/210 207/207/210 208/208/210
f 201/201/211 200/200/211 215/215/211 216/216/211
f 194/194/212 193/193/212 208/208/212 209/209/212
f 202/202/213 201/201/213 216/216/213 217/217/213
f 195/195/214 194/194/214 209/209/214 210/210/214
f 203/203/215 202/202/215 217/217/215 218/218/215
f 196/196/216 195/195/216 210/210/216 211/211/216
f 204/204/217 203/203/217 218/218/217 219/219/217
f 197/197/218 196/196/218 211/211/218 212/212/218
f 205/205/219 204/204/219 219/219/219 220/220/219
f 198/198/220 197/197/220 212/212/220 213/213/220
f 191/191/221 326/339/221 206/206/221
f 482/541/222 205/205/222 220/220/222
f 199/199/223 198/198/223 213/213/223 214/214/223
f 192/192/224 191/191/224 206/206/224 207/207/224
f 219/219/225 218/218/225 233/233/225 234/234/225
f 212/212/226 211/211/226 226/226/226 227/227/226
f 220/220/227 219/219/227 234/234/227 235/235/227
f 213/213/228 212/212/228 227/227/228 228/228/228
f 206/206/229 326/340/229 221/221/229
f 482/542/230 220/220/230 235/235/230
f 214/214/231 213/213/231 228/228/231 229/229/231
f 207/207/232 206/206/232 221/221/232 222/222/232
f 215/215/233 214/214/233 229/229/233 230/230/233
f 208/208/234 207/207/234 222/222/234 223/223/234
f 216/216/235 215/215/235 230/230/235 231/231/235
f 209/209/236 208/208/236 223/223/236 224/224/236
f 217/217/237 216/216/237 231/231/237 232/232/237
f 210/210/238 209/209/238 224/224/238 225/225/238
f 218/218/239 217/217/239 232/232/239 233/233/239
f 211/211/240 210/210/240 225/225/240 226/226/240
f 223/223/241 222/222/241 237/237/241 238/238/241
f 231/231/242 230/230/242 245/245/242 246/246/242
f 224/224/243 223/223/243 238/238/243 239/239/243
f 232/232/244 231/231/244 246/246/244 247/247/244
f 225/225/245 224/224/245 239/239/245 240/240/245
f 233/233/246 232/232/246 247/247/246 248/248/246
f 226/226/247 225/225/247 240/240/247 241/241/247
f 234/234/248 233/233/248 248/248/248 249/249/248
f 227/227/249 226/226/249 241/241/249 242/242/249
f 235/235/250 234/234/250 249/249/250 250/250/250
f 228/228/251 227/227/251 242/242/251 243/243/251
f 221/221/252 326/341/252 236/236/252
f 482/543/253 235/235/253 250/250/253
f 229/229/254 228/228/254 243/243/254 244/244/254
f 222/222/255 221/221/255 236/236/255 237/237/255
f 230/230/256 229/229/256 244/244/256 245/245/256
f 242/242/257 241/241/257 256/256/257 257/257/257
f 250/250/258 249/249/258 264/264/258 265/265/258
f 243/243/259 242/242/259 257/257/259 258/258/259
f 236/236/260 326/342/260 251/251/260
f 482/544/261 250/250/261 265/265/261
f 244/244/262 243/243/262 258/258/262 259/259/262
f 237/237/263 236/236/263 251/251/263 252/252/263
f 245/245/264 244/244/264 259/259/264 260/260/264
f 238/238/265 237/237/265 252/252/265 253/253/265
f 246/246/266 245/245/266 260/260/266 261/261/266
f 239/239/267 238/238/267 253/253/267 254/254/267
f 247/247/268 246/246/268 261/261/268 262/262/268
f 240/240/269 239/239/269 254/254/269 255/255/269
f 248/248/270 247/247/270 262/262/270 263/263/270
f 241/241/271 240/240/271 255/255/271 256/256/271
f 249/249/272 248/248/272 263/263/272 264/264/272
f 261/261/273 260/260/273 275/275/273 276/276/273
f 254/254/274 253/253/274 268/268/274 269/269/274
f 262/262/275 261/261/275 276/276/275 277/277/275
f 255/255/276 254/254/276 269/269/276 270/270/276
f 263/263/277 262/262/277 277/277/277 278/278/277
f 256/256/278 255/255/278 270/270/278 271/271/278
f 264/264/279 263/263/279 278/278/279 279/279/279
f 257/257/280 256/256/280 271/271/280 272/272/280
f 265/265/281 264/264/281 279/279/281 280/280/281
f 258/258/282 257/257/282 272/272/282 273/273/282
f 251/251/283 326/343/283 266/266/283
f 482/545/284 265/265/284 280/280/284
f 259/259/285 258/258/285 273/273/285 274/274/285
f 252/252/286 251/251/286 266/266/286 267/267/286
f 260/260/287 259/259/287 274/274/287 275/275/287
f 253/253/288 252/252/288 267/267/288 268/268/288
f 280/280/289 279/279/289 294/294/289 295/295/289
f 273/273/290 272/272/290 287/287/290 288/288/290
f 266/266/291 326/344/291 281/281/291
f 482/546/292 280/280/292 295/295/292
f 274/274/293 273/273/293 288/288/293 289/289/293
f 267/267/294 266/266/294 281/281/294 282/282/294
f 275/275/295 274/274/295 289/289/295 290/290/295
f 268/268/296 267/267/296 282/282/296 283/283/296
f 276/276/297 275/275/297 290/290/297 291/291/297
f 269/269/298 268/268/298 283/283/298 284/284/298
f 277/277/299 276/276/299 291/291/299 292/292/299
f 270/270/300 269/269/300 284/284/300 285/285/300
f 278/278/301 277/277/301 292/292/301 293/293/301
f 271/271/302 270/270/302 285/285/302 286/286/302
f 279/279/303 278/278/303 293/293/303 294/294/303
f 272/272/304 271/271/304 286/286/304 287/287/304
f 284/284/305 283/283/305 298/298/305 299/299/305
f 292/292/306 291/291/306 306/306/306 307/307/306
f 285/285/307 284/284/307 299/299/307 300/300/307
f 293/293/308 292/292/308 307/307/308 308/308/308
f 286/286/309 285/285/309 300/300/309 301/301/309
f 294/294/310 293/293/310 308/308/310 309/309/310
f 287/287/311 286/286/311 301/301/311 302/302/311
f 295/295/312 294/294/312 309/309/312 310/310/312
f 288/288/313 287/287/313 302/302/313 303/303/313
f 281/281/314 326/345/314 296/296/314
f 482/547/315 295/295/315 310/310/315
f 289/289/316 288/288/316 303/303/316 304/304/316
f 282/282/317 281/281/317 296/296/317 297/297/317
f 290/290/318 289/289/318 304/304/318 305/305/318
f 283/283/319 282/282/319 297/297/319 298/298/319
f 291/291/320 290/290/320 305/305/320 306/306/320
f 303/303/321 302/302/321 317/317/321 318/318/321
f 296/296/322 326/346/322 311/311/322
f 482/548/323 310/310/323 325/325/323
f 304/304/324 303/303/324 318/318/324 319/319/324
f 297/297/325 296/296/325 311/311/325 312/312/325
f 305/305/326 304/304/326 319/319/326 320/320/326
f 298/298/327 297/297/327 312/312/327 313/313/327
f 306/306/328 305/305/328 320/320/328 321/321/328
f 299/299/329 298/298/329 313/313/329 314/314/329
f 307/307/330 306/306/330 321/321/330 322/322/330
f 300/300/331 299/299/331 314/314/331 315/315/331
f 308/308/332 307/307/332 322/322/332 323/323/332
f 301/301/333 300/300/333 315/315/333 316/316/333
f 309/309/334 308/308/334 323/323/334 324/324/334
f 302/302/335 301/301/335 316/316/335 317/317/335
f 310/310/336 309/309/336 324/324/336 325/325/336
f 322/322/337 321/321/337 337/368/337 338/369/337
f 315/315/338 314/314/338 330/361/338 331/362/338
f 323/323/339 322/322/339 338/369/339 339/370/339
f 316/316/340 315/315/340 331/362/340 332/363/340
f 324/324/341 323/323/341 339/370/341 340/371/341
f 317/317/342 316/316/342 332/363/342 333/364/342
f 325/325/343 324/324/343 340/371/343 341/372/343
f 318/318/344 317/317/344 333/364/344 334/365/344
f 311/311/345 326/347/345 327/358/345
f 482/549/346 325/325/346 341/372/346
f 319/319/347 318/318/347 334/365/347 335/366/347
f 312/312/348 311/311/348 327/358/348 328/359/348
f 320/320/349 319/319/349 335/366/349 336/367/349
f 313/313/350 312/312/350 328/359/350 329/360/350
f 321/321/351 320/320/351 336/367/351 337/368/351
f 314/314/352 313/313/352 329/360/352 330/361/352
f 482/550/353 341/372/353 356/387/353
f 335/366/354 334/365/354 349/380/354 350/381/354
f 328/359/355 327/358/355 342/373/355 343/374/355
f 336/367/356 335/366/356 350/381/356 351/382/356
f 329/360/357 328/359/357 343/374/357 344/375/357
f 337/368/358 336/367/358 351/382/358 352/383/358
f 330/361/359 329/360/359 344/375/359 345/376/359
f 338/369/360 337/368/360 352/383/360 353/384/360
f 331/362/361 330/361/361 345/376/361 346/377/361
f 339/370/362 338/369/362 353/384/362 354/385/362
f 332/363/363 331/362/363 346/377/363 347/378/363
f 340/371/364 339/370/364 354/385/364 355/386/364
f 333/364/365 332/363/365 347/378/365 348/379/365
f 341/372/366 340/371/366 355/386/366 356/387/366
f 334/365/367 333/364/367 348/379/367 349/380/367
f 327/358/368 326/348/368 342/373/368
f 354/385/369 353/384/369 368/410/369 369/412/369
f 347/378/370 346/377/370 361/396/370 362/398/370
f 355/386/371 354/385/371 369/412/371 370/414/371
f 348/379/372 347/378/372 362/398/372 363/400/372
f 356/387/373 355/386/373 370/414/373 371/416/373
f 349/380/374 348/379/374 363/400/374 364/402/374
f 342/373/375 326/349/375 357/388/375
f 482/551/376 356/387/376 371/416/376
f 350/381/377 349/380/377 364/402/377 365/404/377
f 343/374/378 342/373/378 357/388/378 358/390/378
f 351/382/379 350/381/379 365/404/379 366/406/379
f 344/375/380 343/374/380 358/390/380 359/392/380
f 352/383/381 351/382/381 366/406/381 367/408/381
f 345/376/382 344/375/382 359/392/382 360/394/382
f 353/384/383 352/383/383 367/408/383 368/410/383
f 346/377/384 345/376/384 360/394/384 361/396/384
f 358/391/385 357/389/385 372/418/385 373/419/385
f 366/407/386 365/405/386 380/426/386 381/427/386
f 359/393/387 358/391/387 373/419/387 374/420/387
f 367/409/388 366/407/388 381/427/388 382/428/388
f 360/395/389 359/393/389 374/420/389 375/421/389
f 368/411/390 367/409/390 382/428/390 383/429/390
f 361/397/391 360/395/391 375/421/391 376/422/391
f 369/413/392 368/411/392 383/429/392 384/430/392
f 362/399/393 361/397/393 376/422/393 377/423/393
f 370/415/394 369/413/394 384/430/394 385/431/394
f 363/401/395 362/399/395 377/423/395 378/424/395
f 371/417/396 370/415/396 385/431/396 386/432/396
f 364/403/397 363/401/397 378/424/397 379/425/397
f 357/389/398 326/350/398 372/418/398
f 482/552/399 371/417/399 386/432/399
f 365/405/400 364/403/400 379/425/400 380/426/400
f 377/423/401 376/422/401 391/437/401 392/438/401
f 385/431/402 384/430/402 399/445/402 400/446/402
f 378/424/403 377/423/403 392/438/403 393/439/403
f 386/432/404 385/431/404 400/446/404 401/447/404
f 379/425/405 378/424/405 393/439/405 394/440/405
f 372/418/406 326/351/406 387/433/406
f 482/553/407 386/432/407 401/447/407
f 380/426/408 379/425/408 394/440/408 395/441/408
f 373/419/409 372/418/409 387/433/409 388/434/409
f 381/427/410 380/426/410 395/441/410 396/442/410
f 374/420/411 373/419/411 388/434/411 389/435/411
f 382/428/412 381/427/412 396/442/412 397/443/412
f 375/421/413 374/420/413 389/435/413 390/436/413
f 383/429/414 382/428/414 397/443/414 398/444/414
f 376/422/415 375/421/415 390/436/415 391/437/415
f 384/430/416 383/429/416 398/444/416 399/445/416
f 396/442/417 395/441/417 410/456/417 411/457/417
f 389/435/418 388/434/418 403/449/418 404/450/418
f 397/443/419 396/442/419 411/457/419 412/458/419
f 390/436/420 389/435/420 404/450/420 405/451/420
f 398/444/421 397/443/421 412/458/421 413/459/421
f 391/437/422 390/436/422 405/451/422 406/452/422
f 399/445/423 398/444/423 413/459/423 414/460/423
f 392/438/424 391/437/424 406/452/424 407/453/424
f 400/446/425 399/445/425 414/460/425 415/461/425
f 393/439/426 392/438/426 407/453/426 408/454/426
f 401/447/427 400/446/427 415/461/427 416/462/427
f 394/440/428 393/439/428 408/454/428 409/455/428
f 387/433/429 326/352/429 402/448/429
f 482/554/430 401/447/430 416/462/430
f 395/441/431 394/440/431 409/455/431 410/456/431
f 388/434/432 387/433/432 402/448/432 403/449/432
f 415/461/433 414/460/433 429/475/433 430/476/433
f 408/454/434 407/453/434 422/468/434 423/469/434
f 416/462/435 415/461/435 430/476/435 431/477/435
f 409/455/436 408/454/436 423/469/436 424/470/436
f 402/448/437 326/353/437 417/463/437
f 482/555/438 416/462/438 431/477/438
f 410/456/439 409/455/439 424/470/439 425/471/439
f 403/449/440 402/448/440 417/463/440 418/464/440
f 411/457/441 410/456/441 425/471/441 426/472/441
f 404/450/442 403/449/442 418/464/442 419/465/442
f 412/458/443 411/457/443 426/472/443 427/473/443
f 405/451/444 404/450/444 419/465/444 420/466/444
f 413/459/445 412/458/445 427/473/445 428/474/445
f 406/452/446 405/451/446 420/466/446 421/467/446
f 414/460/447 413/459/447 428/474/447 429/475/447
f 407/453/448 406/452/448 421/467/448 422/468/448
f 419/465/449 418/464/449 433/479/449 434/480/449
f 427/473/450 426/472/450 441/487/450 442/488/450
f 420/466/451 419/465/451 434/480/451 435/481/451
f 428/474/452 427/473/452 442/488/452 443/489/452
f 421/467/453 420/466/453 435/481/453 436/482/453
f 429/475/454 428/474/454 443/489/454 444/490/454
f 422/468/455 421/467/455 436/482/455 437/483/455
f 430/476/456 429/475/456 444/490/456 445/491/456
f 423/469/457 422/468/457 437/483/457 438/484/457
f 431/477/458 430/476/458 445/491/458 446/492/458
f 424/470/459 423/469/459 438/484/459 439/485/459
f 417/463/460 326/354/460 432/478/460
f 482/556/461 431/477/461 446/492/461
f 425/471/462 424/470/462 439/485/462 440/486/462
f 418/464/463 417/463/463 432/478/463 433/479/463
f 426/472/464 425/471/464 440/486/464 441/487/464
f 438/484/465 437/483/465 452/498/465 453/499/465
f 446/492/466 445/491/466 460/506/466 461/507/466
f 439/485/467 438/484/467 453/499/467 454/500/467
f 432/478/468 326/355/468 447/493/468
f 482/557/469 446/492/469 461/507/469
f 440/486/470 439/485/470 454/500/470 455/501/470
f 433/479/471 432/478/471 447/493/471 448/494/471
f 441/487/472 440/486/472 455/501/472 456/502/472
f 434/480/473 433/479/473 448/494/473 449/495/473
f 442/488/474 441/487/474 456/502/474 457/503/474
f 435/481/475 434/480/475 449/495/475 450/496/475
f 443/489/476 442/488/476 457/503/476 458/504/476
f 436/482/477 435/481/477 450/496/477 451/497/477
f 444/490/478 443/489/478 458/504/478 459/505/478
f 437/483/479 436/482/479 451/497/479 452/498/479
f 445/491/480 444/490/480 459/505/480 460/506/480
f 457/503/481 456/502/481 471/517/481 472/518/481
f 450/496/482 449/495/482 464/510/482 465/511/482
f 458/504/483 457/503/483 472/518/483 473/519/483
f 451/497/484 450/496/484 465/511/484 466/512/484
f 459/505/485 458/504/485 473/519/485 474/520/485
f 452/498/486 451/497/486 466/512/486 467/513/486
f 460/506/487 459/505/487 474/520/487 475/521/487
f 453/499/488 452/498/488 467/513/488 468/514/488
f 461/507/489 460/506/489 475/521/489 476/522/489
f 454/500/490 453/499/490 468/514/490 469/515/490
f 447/493/491 326/356/491 462/508/491
f 482/558/492 461/507/492 476/522/492
f 455/501/493 454/500/493 469/515/493 470/516/493
f 448/494/494 447/493/494 462/508/494 463/509/494
f 456/502/495 455/501/495 470/516/495 471/517/495
f 449/495/496 448/494/496 463/509/496 464/510/496
f 476/522/497 475/521/497 480/526/497 481/527/497
f 469/515/498 468/514/498 7/7/498 477/523/498
f 462/508/499 326/357/499 1/1/499
f 482/559/500 476/522/500 481/527/500
f 470/516/501 469/515/501 477/523/501 478/524/501
f 463/509/502 462/508/502 1/1/502 2/2/502
f 471/517/503 470/516/503 478/524/503 479/525/503
f 464/510/504 463/509/504 2/2/504 3/3/504
f 472/518/505 471/517/505 479/525/505 8/8/505
f 465/511/506 464/510/506 3/3/506 4/4/506
f 473/519/507 472/518/507 8/8/507 9/9/507
f 466/512/508 465/511/508 4/4/508 5/5/508
f 474/520/509 473/519/509 9/9/509 10/10/509
f 467/513/510 466/512/510 5/5/510 6/6/510
f 475/521/511 474/520/511 10/10/511 480/526/511
f 468/514/512 467/513/512 6/6/512 7/7/512
